{
 "cells": [
  {
   "cell_type": "markdown",
   "id": "ee5d61eb",
   "metadata": {},
   "source": [
    "# Baseline 셋팅"
   ]
  },
  {
   "cell_type": "code",
   "execution_count": 251,
   "id": "49b76dfe",
   "metadata": {},
   "outputs": [],
   "source": [
    "import matplotlib.pyplot as plt\n",
    "%matplotlib inline\n",
    "%config InlineBackend.figure_format = 'retina'"
   ]
  },
  {
   "cell_type": "code",
   "execution_count": 252,
   "id": "2a8c5997",
   "metadata": {},
   "outputs": [],
   "source": [
    "import warnings\n",
    "warnings.filterwarnings(\"ignore\")\n",
    "\n",
    "import os\n",
    "from os.path import join\n",
    "\n",
    "import pandas as pd\n",
    "import numpy as np\n",
    "\n",
    "import missingno as msno\n",
    "\n",
    "from sklearn.ensemble import GradientBoostingRegressor\n",
    "from sklearn.model_selection import KFold, cross_val_score\n",
    "import xgboost as xgb\n",
    "import lightgbm as lgb\n",
    "\n",
    "import matplotlib.pyplot as plt\n",
    "import seaborn as sns"
   ]
  },
  {
   "cell_type": "markdown",
   "id": "8ee2f851",
   "metadata": {},
   "source": [
    "### 1) 데이터 준비 및 불러오기"
   ]
  },
  {
   "cell_type": "code",
   "execution_count": 253,
   "id": "193db297",
   "metadata": {},
   "outputs": [
    {
     "name": "stdout",
     "output_type": "stream",
     "text": [
      "/aiffel/aiffel/kaggle_kakr_housing/data/train.csv\n",
      "/aiffel/aiffel/kaggle_kakr_housing/data/test.csv\n"
     ]
    }
   ],
   "source": [
    "#데이터 준비\n",
    "data_dir = os.getenv('HOME')+'/aiffel/kaggle_kakr_housing/data'\n",
    "\n",
    "train_data_path = join(data_dir, 'train.csv')\n",
    "sub_data_path = join(data_dir, 'test.csv')      # 테스트, 즉 submission 시 사용할 데이터 경로\n",
    "\n",
    "print(train_data_path)\n",
    "print(sub_data_path)"
   ]
  },
  {
   "cell_type": "code",
   "execution_count": 254,
   "id": "31b9e076",
   "metadata": {},
   "outputs": [
    {
     "name": "stdout",
     "output_type": "stream",
     "text": [
      "train data dim : (15035, 21)\n",
      "sub data dim : (6468, 20)\n"
     ]
    }
   ],
   "source": [
    "#데이터 불러오기\n",
    "data = pd.read_csv(train_data_path)\n",
    "sub = pd.read_csv(sub_data_path)\n",
    "print('train data dim : {}'.format(data.shape))\n",
    "print('sub data dim : {}'.format(sub.shape))"
   ]
  },
  {
   "cell_type": "markdown",
   "id": "64984dd1",
   "metadata": {},
   "source": [
    "# 데이터 살펴보기\n",
    "- ID : 집을 구분하는 번호\n",
    "- date : 집을 구매한 날짜\n",
    "- price : 타겟 변수인 집의 가격\n",
    "- bedrooms : 침실의 수\n",
    "- bathrooms : 침실당 화장실 개수\n",
    "- sqft_living : 주거 공간의 평방 피트\n",
    "- sqft_lot : 부지의 평방 피트\n",
    "- floors : 집의 층 수\n",
    "- waterfront : 집의 전방에 강이 흐르는지 유무 (a.k.a. 리버뷰)\n",
    "- view : 집이 얼마나 좋아 보이는지의 정도\n",
    "- condition : 집의 전반적인 상태\n",
    "- grade : King County grading 시스템 기준으로 매긴 집의 등급\n",
    "- sqft_above : 지하실을 제외한 평방 피트\n",
    "- sqft_basement : 지하실의 평방 피트\n",
    "- yr_built : 집을 지은 년도\n",
    "- yr_renovated : 집을 재건축한 년도\n",
    "- zipcode : 우편번호\n",
    "- lat : 위도\n",
    "- long : 경도\n",
    "- sqft_living15 : 2015년 기준 주거 공간의 평방 피트(집을 재건축했다면, 변화가 있을 수 있음)\n",
    "- sqft_lot15 : 2015년 기준 부지의 평방 피트(집을 재건축했다면, 변화가 있을 수 있음)"
   ]
  },
  {
   "cell_type": "code",
   "execution_count": 255,
   "id": "d36a8258",
   "metadata": {},
   "outputs": [
    {
     "name": "stdout",
     "output_type": "stream",
     "text": [
      "Index(['id', 'date', 'bedrooms', 'bathrooms', 'sqft_living', 'sqft_lot',\n",
      "       'floors', 'waterfront', 'view', 'condition', 'grade', 'sqft_above',\n",
      "       'sqft_basement', 'yr_built', 'yr_renovated', 'zipcode', 'lat', 'long',\n",
      "       'sqft_living15', 'sqft_lot15'],\n",
      "      dtype='object')\n"
     ]
    }
   ],
   "source": [
    "#라벨제거 \n",
    "y = data['price']\n",
    "del data['price']\n",
    "\n",
    "print(data.columns)"
   ]
  },
  {
   "cell_type": "markdown",
   "id": "8244f97b",
   "metadata": {},
   "source": [
    "## price와의 상관관계"
   ]
  },
  {
   "cell_type": "code",
   "execution_count": 256,
   "id": "718ce68d",
   "metadata": {},
   "outputs": [
    {
     "data": {
      "text/html": [
       "<div>\n",
       "<style scoped>\n",
       "    .dataframe tbody tr th:only-of-type {\n",
       "        vertical-align: middle;\n",
       "    }\n",
       "\n",
       "    .dataframe tbody tr th {\n",
       "        vertical-align: top;\n",
       "    }\n",
       "\n",
       "    .dataframe thead th {\n",
       "        text-align: right;\n",
       "    }\n",
       "</style>\n",
       "<table border=\"1\" class=\"dataframe\">\n",
       "  <thead>\n",
       "    <tr style=\"text-align: right;\">\n",
       "      <th></th>\n",
       "      <th>id</th>\n",
       "      <th>bedrooms</th>\n",
       "      <th>bathrooms</th>\n",
       "      <th>sqft_living</th>\n",
       "      <th>sqft_lot</th>\n",
       "      <th>floors</th>\n",
       "      <th>waterfront</th>\n",
       "      <th>view</th>\n",
       "      <th>condition</th>\n",
       "      <th>grade</th>\n",
       "      <th>sqft_above</th>\n",
       "      <th>sqft_basement</th>\n",
       "      <th>yr_built</th>\n",
       "      <th>yr_renovated</th>\n",
       "      <th>zipcode</th>\n",
       "      <th>lat</th>\n",
       "      <th>long</th>\n",
       "      <th>sqft_living15</th>\n",
       "      <th>sqft_lot15</th>\n",
       "    </tr>\n",
       "  </thead>\n",
       "  <tbody>\n",
       "    <tr>\n",
       "      <th>id</th>\n",
       "      <td>1.000000</td>\n",
       "      <td>0.010520</td>\n",
       "      <td>0.104030</td>\n",
       "      <td>0.041725</td>\n",
       "      <td>-0.034077</td>\n",
       "      <td>0.182848</td>\n",
       "      <td>-0.011775</td>\n",
       "      <td>-0.024360</td>\n",
       "      <td>-0.101618</td>\n",
       "      <td>0.078622</td>\n",
       "      <td>0.073086</td>\n",
       "      <td>-0.050634</td>\n",
       "      <td>0.202477</td>\n",
       "      <td>-0.029810</td>\n",
       "      <td>-0.005761</td>\n",
       "      <td>0.002588</td>\n",
       "      <td>0.014757</td>\n",
       "      <td>0.029248</td>\n",
       "      <td>-0.032269</td>\n",
       "    </tr>\n",
       "    <tr>\n",
       "      <th>bedrooms</th>\n",
       "      <td>0.010520</td>\n",
       "      <td>1.000000</td>\n",
       "      <td>0.530548</td>\n",
       "      <td>0.596974</td>\n",
       "      <td>0.033475</td>\n",
       "      <td>0.189532</td>\n",
       "      <td>-0.004819</td>\n",
       "      <td>0.085703</td>\n",
       "      <td>0.034885</td>\n",
       "      <td>0.375286</td>\n",
       "      <td>0.494867</td>\n",
       "      <td>0.315183</td>\n",
       "      <td>0.158799</td>\n",
       "      <td>0.022729</td>\n",
       "      <td>-0.162081</td>\n",
       "      <td>-0.011190</td>\n",
       "      <td>0.135802</td>\n",
       "      <td>0.407394</td>\n",
       "      <td>0.027242</td>\n",
       "    </tr>\n",
       "    <tr>\n",
       "      <th>bathrooms</th>\n",
       "      <td>0.104030</td>\n",
       "      <td>0.530548</td>\n",
       "      <td>1.000000</td>\n",
       "      <td>0.755853</td>\n",
       "      <td>0.089308</td>\n",
       "      <td>0.508649</td>\n",
       "      <td>0.075452</td>\n",
       "      <td>0.187488</td>\n",
       "      <td>-0.125907</td>\n",
       "      <td>0.666278</td>\n",
       "      <td>0.688255</td>\n",
       "      <td>0.282642</td>\n",
       "      <td>0.503964</td>\n",
       "      <td>0.065423</td>\n",
       "      <td>-0.207500</td>\n",
       "      <td>0.018110</td>\n",
       "      <td>0.227669</td>\n",
       "      <td>0.573541</td>\n",
       "      <td>0.088120</td>\n",
       "    </tr>\n",
       "    <tr>\n",
       "      <th>sqft_living</th>\n",
       "      <td>0.041725</td>\n",
       "      <td>0.596974</td>\n",
       "      <td>0.755853</td>\n",
       "      <td>1.000000</td>\n",
       "      <td>0.176500</td>\n",
       "      <td>0.363193</td>\n",
       "      <td>0.108137</td>\n",
       "      <td>0.282821</td>\n",
       "      <td>-0.054213</td>\n",
       "      <td>0.762543</td>\n",
       "      <td>0.878736</td>\n",
       "      <td>0.434017</td>\n",
       "      <td>0.315927</td>\n",
       "      <td>0.064893</td>\n",
       "      <td>-0.200745</td>\n",
       "      <td>0.051609</td>\n",
       "      <td>0.245429</td>\n",
       "      <td>0.760271</td>\n",
       "      <td>0.184176</td>\n",
       "    </tr>\n",
       "    <tr>\n",
       "      <th>sqft_lot</th>\n",
       "      <td>-0.034077</td>\n",
       "      <td>0.033475</td>\n",
       "      <td>0.089308</td>\n",
       "      <td>0.176500</td>\n",
       "      <td>1.000000</td>\n",
       "      <td>0.001535</td>\n",
       "      <td>0.025584</td>\n",
       "      <td>0.080441</td>\n",
       "      <td>-0.002099</td>\n",
       "      <td>0.119906</td>\n",
       "      <td>0.186242</td>\n",
       "      <td>0.017818</td>\n",
       "      <td>0.058686</td>\n",
       "      <td>-0.001451</td>\n",
       "      <td>-0.127709</td>\n",
       "      <td>-0.082234</td>\n",
       "      <td>0.227451</td>\n",
       "      <td>0.147562</td>\n",
       "      <td>0.728458</td>\n",
       "    </tr>\n",
       "    <tr>\n",
       "      <th>floors</th>\n",
       "      <td>0.182848</td>\n",
       "      <td>0.189532</td>\n",
       "      <td>0.508649</td>\n",
       "      <td>0.363193</td>\n",
       "      <td>0.001535</td>\n",
       "      <td>1.000000</td>\n",
       "      <td>0.031159</td>\n",
       "      <td>0.034511</td>\n",
       "      <td>-0.261016</td>\n",
       "      <td>0.462598</td>\n",
       "      <td>0.529476</td>\n",
       "      <td>-0.239350</td>\n",
       "      <td>0.490436</td>\n",
       "      <td>0.009752</td>\n",
       "      <td>-0.059107</td>\n",
       "      <td>0.049004</td>\n",
       "      <td>0.126983</td>\n",
       "      <td>0.287125</td>\n",
       "      <td>-0.010287</td>\n",
       "    </tr>\n",
       "    <tr>\n",
       "      <th>waterfront</th>\n",
       "      <td>-0.011775</td>\n",
       "      <td>-0.004819</td>\n",
       "      <td>0.075452</td>\n",
       "      <td>0.108137</td>\n",
       "      <td>0.025584</td>\n",
       "      <td>0.031159</td>\n",
       "      <td>1.000000</td>\n",
       "      <td>0.389669</td>\n",
       "      <td>0.011613</td>\n",
       "      <td>0.088061</td>\n",
       "      <td>0.081968</td>\n",
       "      <td>0.071576</td>\n",
       "      <td>-0.026523</td>\n",
       "      <td>0.104168</td>\n",
       "      <td>0.028632</td>\n",
       "      <td>-0.014772</td>\n",
       "      <td>-0.037922</td>\n",
       "      <td>0.091810</td>\n",
       "      <td>0.028255</td>\n",
       "    </tr>\n",
       "    <tr>\n",
       "      <th>view</th>\n",
       "      <td>-0.024360</td>\n",
       "      <td>0.085703</td>\n",
       "      <td>0.187488</td>\n",
       "      <td>0.282821</td>\n",
       "      <td>0.080441</td>\n",
       "      <td>0.034511</td>\n",
       "      <td>0.389669</td>\n",
       "      <td>1.000000</td>\n",
       "      <td>0.045255</td>\n",
       "      <td>0.247924</td>\n",
       "      <td>0.172693</td>\n",
       "      <td>0.265880</td>\n",
       "      <td>-0.061670</td>\n",
       "      <td>0.107605</td>\n",
       "      <td>0.089247</td>\n",
       "      <td>0.005285</td>\n",
       "      <td>-0.073151</td>\n",
       "      <td>0.278267</td>\n",
       "      <td>0.076501</td>\n",
       "    </tr>\n",
       "    <tr>\n",
       "      <th>condition</th>\n",
       "      <td>-0.101618</td>\n",
       "      <td>0.034885</td>\n",
       "      <td>-0.125907</td>\n",
       "      <td>-0.054213</td>\n",
       "      <td>-0.002099</td>\n",
       "      <td>-0.261016</td>\n",
       "      <td>0.011613</td>\n",
       "      <td>0.045255</td>\n",
       "      <td>1.000000</td>\n",
       "      <td>-0.143599</td>\n",
       "      <td>-0.152856</td>\n",
       "      <td>0.175064</td>\n",
       "      <td>-0.366590</td>\n",
       "      <td>-0.062342</td>\n",
       "      <td>0.001106</td>\n",
       "      <td>-0.015974</td>\n",
       "      <td>-0.110742</td>\n",
       "      <td>-0.091407</td>\n",
       "      <td>-0.003873</td>\n",
       "    </tr>\n",
       "    <tr>\n",
       "      <th>grade</th>\n",
       "      <td>0.078622</td>\n",
       "      <td>0.375286</td>\n",
       "      <td>0.666278</td>\n",
       "      <td>0.762543</td>\n",
       "      <td>0.119906</td>\n",
       "      <td>0.462598</td>\n",
       "      <td>0.088061</td>\n",
       "      <td>0.247924</td>\n",
       "      <td>-0.143599</td>\n",
       "      <td>1.000000</td>\n",
       "      <td>0.759240</td>\n",
       "      <td>0.162657</td>\n",
       "      <td>0.440608</td>\n",
       "      <td>0.030155</td>\n",
       "      <td>-0.186541</td>\n",
       "      <td>0.112319</td>\n",
       "      <td>0.202130</td>\n",
       "      <td>0.715321</td>\n",
       "      <td>0.119734</td>\n",
       "    </tr>\n",
       "    <tr>\n",
       "      <th>sqft_above</th>\n",
       "      <td>0.073086</td>\n",
       "      <td>0.494867</td>\n",
       "      <td>0.688255</td>\n",
       "      <td>0.878736</td>\n",
       "      <td>0.186242</td>\n",
       "      <td>0.529476</td>\n",
       "      <td>0.081968</td>\n",
       "      <td>0.172693</td>\n",
       "      <td>-0.152856</td>\n",
       "      <td>0.759240</td>\n",
       "      <td>1.000000</td>\n",
       "      <td>-0.048623</td>\n",
       "      <td>0.422431</td>\n",
       "      <td>0.031441</td>\n",
       "      <td>-0.258474</td>\n",
       "      <td>0.001074</td>\n",
       "      <td>0.347226</td>\n",
       "      <td>0.737795</td>\n",
       "      <td>0.194226</td>\n",
       "    </tr>\n",
       "    <tr>\n",
       "      <th>sqft_basement</th>\n",
       "      <td>-0.050634</td>\n",
       "      <td>0.315183</td>\n",
       "      <td>0.282642</td>\n",
       "      <td>0.434017</td>\n",
       "      <td>0.017818</td>\n",
       "      <td>-0.239350</td>\n",
       "      <td>0.071576</td>\n",
       "      <td>0.265880</td>\n",
       "      <td>0.175064</td>\n",
       "      <td>0.162657</td>\n",
       "      <td>-0.048623</td>\n",
       "      <td>1.000000</td>\n",
       "      <td>-0.136214</td>\n",
       "      <td>0.076452</td>\n",
       "      <td>0.067782</td>\n",
       "      <td>0.105969</td>\n",
       "      <td>-0.141792</td>\n",
       "      <td>0.198380</td>\n",
       "      <td>0.018813</td>\n",
       "    </tr>\n",
       "    <tr>\n",
       "      <th>yr_built</th>\n",
       "      <td>0.202477</td>\n",
       "      <td>0.158799</td>\n",
       "      <td>0.503964</td>\n",
       "      <td>0.315927</td>\n",
       "      <td>0.058686</td>\n",
       "      <td>0.490436</td>\n",
       "      <td>-0.026523</td>\n",
       "      <td>-0.061670</td>\n",
       "      <td>-0.366590</td>\n",
       "      <td>0.440608</td>\n",
       "      <td>0.422431</td>\n",
       "      <td>-0.136214</td>\n",
       "      <td>1.000000</td>\n",
       "      <td>-0.215760</td>\n",
       "      <td>-0.354280</td>\n",
       "      <td>-0.156563</td>\n",
       "      <td>0.414565</td>\n",
       "      <td>0.324221</td>\n",
       "      <td>0.076009</td>\n",
       "    </tr>\n",
       "    <tr>\n",
       "      <th>yr_renovated</th>\n",
       "      <td>-0.029810</td>\n",
       "      <td>0.022729</td>\n",
       "      <td>0.065423</td>\n",
       "      <td>0.064893</td>\n",
       "      <td>-0.001451</td>\n",
       "      <td>0.009752</td>\n",
       "      <td>0.104168</td>\n",
       "      <td>0.107605</td>\n",
       "      <td>-0.062342</td>\n",
       "      <td>0.030155</td>\n",
       "      <td>0.031441</td>\n",
       "      <td>0.076452</td>\n",
       "      <td>-0.215760</td>\n",
       "      <td>1.000000</td>\n",
       "      <td>0.068307</td>\n",
       "      <td>0.034844</td>\n",
       "      <td>-0.070134</td>\n",
       "      <td>0.007995</td>\n",
       "      <td>-0.000348</td>\n",
       "    </tr>\n",
       "    <tr>\n",
       "      <th>zipcode</th>\n",
       "      <td>-0.005761</td>\n",
       "      <td>-0.162081</td>\n",
       "      <td>-0.207500</td>\n",
       "      <td>-0.200745</td>\n",
       "      <td>-0.127709</td>\n",
       "      <td>-0.059107</td>\n",
       "      <td>0.028632</td>\n",
       "      <td>0.089247</td>\n",
       "      <td>0.001106</td>\n",
       "      <td>-0.186541</td>\n",
       "      <td>-0.258474</td>\n",
       "      <td>0.067782</td>\n",
       "      <td>-0.354280</td>\n",
       "      <td>0.068307</td>\n",
       "      <td>1.000000</td>\n",
       "      <td>0.261312</td>\n",
       "      <td>-0.563455</td>\n",
       "      <td>-0.274176</td>\n",
       "      <td>-0.145710</td>\n",
       "    </tr>\n",
       "    <tr>\n",
       "      <th>lat</th>\n",
       "      <td>0.002588</td>\n",
       "      <td>-0.011190</td>\n",
       "      <td>0.018110</td>\n",
       "      <td>0.051609</td>\n",
       "      <td>-0.082234</td>\n",
       "      <td>0.049004</td>\n",
       "      <td>-0.014772</td>\n",
       "      <td>0.005285</td>\n",
       "      <td>-0.015974</td>\n",
       "      <td>0.112319</td>\n",
       "      <td>0.001074</td>\n",
       "      <td>0.105969</td>\n",
       "      <td>-0.156563</td>\n",
       "      <td>0.034844</td>\n",
       "      <td>0.261312</td>\n",
       "      <td>1.000000</td>\n",
       "      <td>-0.133460</td>\n",
       "      <td>0.048924</td>\n",
       "      <td>-0.081725</td>\n",
       "    </tr>\n",
       "    <tr>\n",
       "      <th>long</th>\n",
       "      <td>0.014757</td>\n",
       "      <td>0.135802</td>\n",
       "      <td>0.227669</td>\n",
       "      <td>0.245429</td>\n",
       "      <td>0.227451</td>\n",
       "      <td>0.126983</td>\n",
       "      <td>-0.037922</td>\n",
       "      <td>-0.073151</td>\n",
       "      <td>-0.110742</td>\n",
       "      <td>0.202130</td>\n",
       "      <td>0.347226</td>\n",
       "      <td>-0.141792</td>\n",
       "      <td>0.414565</td>\n",
       "      <td>-0.070134</td>\n",
       "      <td>-0.563455</td>\n",
       "      <td>-0.133460</td>\n",
       "      <td>1.000000</td>\n",
       "      <td>0.333673</td>\n",
       "      <td>0.256201</td>\n",
       "    </tr>\n",
       "    <tr>\n",
       "      <th>sqft_living15</th>\n",
       "      <td>0.029248</td>\n",
       "      <td>0.407394</td>\n",
       "      <td>0.573541</td>\n",
       "      <td>0.760271</td>\n",
       "      <td>0.147562</td>\n",
       "      <td>0.287125</td>\n",
       "      <td>0.091810</td>\n",
       "      <td>0.278267</td>\n",
       "      <td>-0.091407</td>\n",
       "      <td>0.715321</td>\n",
       "      <td>0.737795</td>\n",
       "      <td>0.198380</td>\n",
       "      <td>0.324221</td>\n",
       "      <td>0.007995</td>\n",
       "      <td>-0.274176</td>\n",
       "      <td>0.048924</td>\n",
       "      <td>0.333673</td>\n",
       "      <td>1.000000</td>\n",
       "      <td>0.183599</td>\n",
       "    </tr>\n",
       "    <tr>\n",
       "      <th>sqft_lot15</th>\n",
       "      <td>-0.032269</td>\n",
       "      <td>0.027242</td>\n",
       "      <td>0.088120</td>\n",
       "      <td>0.184176</td>\n",
       "      <td>0.728458</td>\n",
       "      <td>-0.010287</td>\n",
       "      <td>0.028255</td>\n",
       "      <td>0.076501</td>\n",
       "      <td>-0.003873</td>\n",
       "      <td>0.119734</td>\n",
       "      <td>0.194226</td>\n",
       "      <td>0.018813</td>\n",
       "      <td>0.076009</td>\n",
       "      <td>-0.000348</td>\n",
       "      <td>-0.145710</td>\n",
       "      <td>-0.081725</td>\n",
       "      <td>0.256201</td>\n",
       "      <td>0.183599</td>\n",
       "      <td>1.000000</td>\n",
       "    </tr>\n",
       "  </tbody>\n",
       "</table>\n",
       "</div>"
      ],
      "text/plain": [
       "                     id  bedrooms  bathrooms  sqft_living  sqft_lot    floors  \\\n",
       "id             1.000000  0.010520   0.104030     0.041725 -0.034077  0.182848   \n",
       "bedrooms       0.010520  1.000000   0.530548     0.596974  0.033475  0.189532   \n",
       "bathrooms      0.104030  0.530548   1.000000     0.755853  0.089308  0.508649   \n",
       "sqft_living    0.041725  0.596974   0.755853     1.000000  0.176500  0.363193   \n",
       "sqft_lot      -0.034077  0.033475   0.089308     0.176500  1.000000  0.001535   \n",
       "floors         0.182848  0.189532   0.508649     0.363193  0.001535  1.000000   \n",
       "waterfront    -0.011775 -0.004819   0.075452     0.108137  0.025584  0.031159   \n",
       "view          -0.024360  0.085703   0.187488     0.282821  0.080441  0.034511   \n",
       "condition     -0.101618  0.034885  -0.125907    -0.054213 -0.002099 -0.261016   \n",
       "grade          0.078622  0.375286   0.666278     0.762543  0.119906  0.462598   \n",
       "sqft_above     0.073086  0.494867   0.688255     0.878736  0.186242  0.529476   \n",
       "sqft_basement -0.050634  0.315183   0.282642     0.434017  0.017818 -0.239350   \n",
       "yr_built       0.202477  0.158799   0.503964     0.315927  0.058686  0.490436   \n",
       "yr_renovated  -0.029810  0.022729   0.065423     0.064893 -0.001451  0.009752   \n",
       "zipcode       -0.005761 -0.162081  -0.207500    -0.200745 -0.127709 -0.059107   \n",
       "lat            0.002588 -0.011190   0.018110     0.051609 -0.082234  0.049004   \n",
       "long           0.014757  0.135802   0.227669     0.245429  0.227451  0.126983   \n",
       "sqft_living15  0.029248  0.407394   0.573541     0.760271  0.147562  0.287125   \n",
       "sqft_lot15    -0.032269  0.027242   0.088120     0.184176  0.728458 -0.010287   \n",
       "\n",
       "               waterfront      view  condition     grade  sqft_above  \\\n",
       "id              -0.011775 -0.024360  -0.101618  0.078622    0.073086   \n",
       "bedrooms        -0.004819  0.085703   0.034885  0.375286    0.494867   \n",
       "bathrooms        0.075452  0.187488  -0.125907  0.666278    0.688255   \n",
       "sqft_living      0.108137  0.282821  -0.054213  0.762543    0.878736   \n",
       "sqft_lot         0.025584  0.080441  -0.002099  0.119906    0.186242   \n",
       "floors           0.031159  0.034511  -0.261016  0.462598    0.529476   \n",
       "waterfront       1.000000  0.389669   0.011613  0.088061    0.081968   \n",
       "view             0.389669  1.000000   0.045255  0.247924    0.172693   \n",
       "condition        0.011613  0.045255   1.000000 -0.143599   -0.152856   \n",
       "grade            0.088061  0.247924  -0.143599  1.000000    0.759240   \n",
       "sqft_above       0.081968  0.172693  -0.152856  0.759240    1.000000   \n",
       "sqft_basement    0.071576  0.265880   0.175064  0.162657   -0.048623   \n",
       "yr_built        -0.026523 -0.061670  -0.366590  0.440608    0.422431   \n",
       "yr_renovated     0.104168  0.107605  -0.062342  0.030155    0.031441   \n",
       "zipcode          0.028632  0.089247   0.001106 -0.186541   -0.258474   \n",
       "lat             -0.014772  0.005285  -0.015974  0.112319    0.001074   \n",
       "long            -0.037922 -0.073151  -0.110742  0.202130    0.347226   \n",
       "sqft_living15    0.091810  0.278267  -0.091407  0.715321    0.737795   \n",
       "sqft_lot15       0.028255  0.076501  -0.003873  0.119734    0.194226   \n",
       "\n",
       "               sqft_basement  yr_built  yr_renovated   zipcode       lat  \\\n",
       "id                 -0.050634  0.202477     -0.029810 -0.005761  0.002588   \n",
       "bedrooms            0.315183  0.158799      0.022729 -0.162081 -0.011190   \n",
       "bathrooms           0.282642  0.503964      0.065423 -0.207500  0.018110   \n",
       "sqft_living         0.434017  0.315927      0.064893 -0.200745  0.051609   \n",
       "sqft_lot            0.017818  0.058686     -0.001451 -0.127709 -0.082234   \n",
       "floors             -0.239350  0.490436      0.009752 -0.059107  0.049004   \n",
       "waterfront          0.071576 -0.026523      0.104168  0.028632 -0.014772   \n",
       "view                0.265880 -0.061670      0.107605  0.089247  0.005285   \n",
       "condition           0.175064 -0.366590     -0.062342  0.001106 -0.015974   \n",
       "grade               0.162657  0.440608      0.030155 -0.186541  0.112319   \n",
       "sqft_above         -0.048623  0.422431      0.031441 -0.258474  0.001074   \n",
       "sqft_basement       1.000000 -0.136214      0.076452  0.067782  0.105969   \n",
       "yr_built           -0.136214  1.000000     -0.215760 -0.354280 -0.156563   \n",
       "yr_renovated        0.076452 -0.215760      1.000000  0.068307  0.034844   \n",
       "zipcode             0.067782 -0.354280      0.068307  1.000000  0.261312   \n",
       "lat                 0.105969 -0.156563      0.034844  0.261312  1.000000   \n",
       "long               -0.141792  0.414565     -0.070134 -0.563455 -0.133460   \n",
       "sqft_living15       0.198380  0.324221      0.007995 -0.274176  0.048924   \n",
       "sqft_lot15          0.018813  0.076009     -0.000348 -0.145710 -0.081725   \n",
       "\n",
       "                   long  sqft_living15  sqft_lot15  \n",
       "id             0.014757       0.029248   -0.032269  \n",
       "bedrooms       0.135802       0.407394    0.027242  \n",
       "bathrooms      0.227669       0.573541    0.088120  \n",
       "sqft_living    0.245429       0.760271    0.184176  \n",
       "sqft_lot       0.227451       0.147562    0.728458  \n",
       "floors         0.126983       0.287125   -0.010287  \n",
       "waterfront    -0.037922       0.091810    0.028255  \n",
       "view          -0.073151       0.278267    0.076501  \n",
       "condition     -0.110742      -0.091407   -0.003873  \n",
       "grade          0.202130       0.715321    0.119734  \n",
       "sqft_above     0.347226       0.737795    0.194226  \n",
       "sqft_basement -0.141792       0.198380    0.018813  \n",
       "yr_built       0.414565       0.324221    0.076009  \n",
       "yr_renovated  -0.070134       0.007995   -0.000348  \n",
       "zipcode       -0.563455      -0.274176   -0.145710  \n",
       "lat           -0.133460       0.048924   -0.081725  \n",
       "long           1.000000       0.333673    0.256201  \n",
       "sqft_living15  0.333673       1.000000    0.183599  \n",
       "sqft_lot15     0.256201       0.183599    1.000000  "
      ]
     },
     "execution_count": 256,
     "metadata": {},
     "output_type": "execute_result"
    }
   ],
   "source": [
    "data.corr(method='pearson')"
   ]
  },
  {
   "cell_type": "code",
   "execution_count": 257,
   "id": "c1579124",
   "metadata": {},
   "outputs": [
    {
     "data": {
      "text/plain": [
       "<AxesSubplot:>"
      ]
     },
     "execution_count": 257,
     "metadata": {},
     "output_type": "execute_result"
    },
    {
     "data": {
